831970590
1601821801
88264487
-692152200
1238055113
-1939237573
-122417248
1388969418
-268050351
-679323832
-709293510
-1237643794
-166596026
-981684675
-849716933
770266369
235982602
-1123564270
327936986
-1868255254
62085354
1043048081
-1414982018
-293148042
389980530
2020639257
-73076181
1228839875
-1684170756
-1011943265
-644038855
-167713566
-758739574
187282933
1747009350
-729418312
1892983253
1573968462
-781763987
2119072804
-878547547
93583361
-941710409
78537062
-1145799069
984590733
1454575825
-1795458626
-1726515476
2066744285
-1515226881
520424019
-1530992217
45181132
-1121292464
-1125955242
36650969
-688030230
1597983763
1518091367
655245879
1673153408
-1226049143
-653420233
735778492
-29505583
-487434277
1843498094
-1681406020
-1292348766
1826057294
760122062
2126227513
67953917
726257588
-494890857
824650101
1557526833
903614501
1938584365
-691604024
-863867108
-1248396817
-164353800
-1996659533
2061889707
-38601782
1053633419
-599352268
1649187489
1627855440
1982355463
-1682115749
1339682200
1320101547
661451201
451439133
1844923205
-95277937
567192354
